246185 	1,634 / 1,636 	99.9% 	210,734
246540 	879 / 880 	99.9% 	254,738
246766 	1,203 / 1,205 	99.8% 	301,929
246858 	1,173 / 1,195 	98.2% 	367,779
246928 	1,208 / 1,212 	99.7% 	414,845
246052 	1,486 / 1,488 	99.9% 	424,369
246810 	1,653 / 1,769 	93.4% 	444,844
245702 	1,598 / 1,602 	99.8% 	464,174
246870 	2,117 / 2,119 	99.9% 	467,303
246036 	1,931 / 1,933 	99.9% 	474,723
246808 	1,432 / 1,489 	96.2% 	502,506
246759 	1,532 / 1,537 	99.7% 	584,464
245923 	3,072 / 3,213 	95.6% 	649,634
246428 	1,809 / 1,812 	99.8% 	679,588
246048 	2,335 / 2,339 	99.8% 	732,612
246089 	2,649 / 2,655 	99.8% 	739,336
246115 	2,487 / 2,510 	99.1% 	781,236
246765 	2,915 / 2,925 	99.7% 	790,408
246982 	2,463 / 2,465 	99.9% 	828,752
246495 	3,279 / 3,289 	99.7% 	913,045
246152 	3,691 / 3,700 	99.8% 	944,847
246930 	2,926 / 2,932 	99.8% 	990,343
246991 	3,420 / 3,824 	89.4% 	1,008,113
245833 	3,510 / 3,519 	99.7% 	1,046,536
246757 	3,446 / 3,454 	99.8% 	1,054,790
245705 	4,827 / 4,831 	99.9% 	1,164,699
246937 	3,449 / 3,483 	99% 	1,216,928
246676 	4,827 / 4,849 	99.5% 	1,220,683
246763 	4,775 / 4,789 	99.7% 	1,303,889
246276 	5,200 / 5,224 	99.5% 	1,376,074
246487 	4,703 / 4,705 	100% 	1,384,819
246844 	4,519 / 4,539 	99.6% 	1,389,644
246846 	4,333 / 4,363 	99.3% 	1,475,680
246553 	5,025 / 5,034 	99.8% 	1,493,588
245949 	5,130 / 5,157 	99.5% 	1,501,616
246003 	5,672 / 5,685 	99.8% 	1,530,914
246948 	5,003 / 5,009 	99.9% 	1,555,254
246178 	5,897 / 6,072 	97.1% 	1,601,465
246865 	5,702 / 5,714 	99.8% 	1,648,576
246180 	13,142 / 13,171 	99.8% 	1,746,709
246942 	5,102 / 5,147 	99.1% 	1,860,418
246567 	6,040 / 6,071 	99.5% 	1,874,035
246804 	6,139 / 6,164 	99.6% 	1,935,967
245785 	7,307 / 7,316 	99.9% 	2,045,698
246012 	7,886 / 7,907 	99.7% 	2,107,185
246851 	6,243 / 6,283 	99.4% 	2,130,926
246543 	6,872 / 6,892 	99.7% 	2,162,367
246855 	6,195 / 6,223 	99.6% 	2,166,698
245729 	6,084 / 6,093 	99.9% 	2,262,264
246845 	7,115 / 7,444 	95.6% 	2,343,871
246859 	7,776 / 7,820 	99.4% 	2,391,668
246575 	8,522 / 8,534 	99.9% 	2,407,191
246871 	9,718 / 9,738 	99.8% 	2,410,547
246760 	9,092 / 9,104 	99.9% 	2,556,078
246113 	8,682 / 8,747 	99.3% 	2,656,451
245700 	9,075 / 9,094 	99.8% 	2,684,742
246275 	9,817 / 9,836 	99.8% 	2,727,211
246225 	9,816 / 9,893 	99.2% 	2,742,328
245752 	8,271 / 8,277 	99.9% 	2,805,455
246568 	9,573 / 9,580 	99.9% 	2,821,960
246847 	8,715 / 8,998 	96.9% 	2,904,753
246493 	10,968 / 10,996 	99.7% 	3,004,214
246671 	10,237 / 10,264 	99.7% 	3,039,373
246037 	8,821 / 8,860 	99.6% 	3,071,216
246758 	10,236 / 10,258 	99.8% 	3,107,970
246867 	10,672 / 10,691 	99.8% 	3,136,641
245793 	10,912 / 10,923 	99.9% 	3,198,387
246431 	9,581 / 9,598 	99.8% 	3,221,125
245766 	10,392 / 10,407 	99.9% 	3,271,289
245759 	11,508 / 11,519 	99.9% 	3,521,388
246751 	10,698 / 10,740 	99.6% 	3,524,380
246945 	10,773 / 10,832 	99.5% 	3,705,127
246750 	11,810 / 11,835 	99.8% 	3,758,042
246994 	13,066 / 13,088 	99.8% 	3,885,336
246583 	15,045 / 15,065 	99.9% 	4,208,580
245738 	12,938 / 12,958 	99.8% 	4,266,114
246053 	14,624 / 14,678 	99.6% 	4,269,198
246182 	15,494 / 15,543 	99.7% 	4,507,752
246271 	15,543 / 15,597 	99.7% 	4,592,705
245829 	12,830 / 12,854 	99.8% 	4,607,159
246807 	14,931 / 15,070 	99.1% 	4,609,590
245692 	13,014 / 13,034 	99.8% 	4,729,516
246181 	16,877 / 16,935 	99.7% 	5,108,462
246424 	15,303 / 15,347 	99.7% 	5,146,695
246864 	16,660 / 16,814 	99.1% 	5,160,080
246675 	18,966 / 18,990 	99.9% 	5,173,081
246809 	18,224 / 18,320 	99.5% 	5,177,881
245831 	16,346 / 16,389 	99.7% 	5,258,977
246805 	16,539 / 16,595 	99.7% 	5,397,113
246151 	17,496 / 17,587 	99.5% 	5,486,397
246949 	16,472 / 16,499 	99.8% 	5,545,200
245775 	19,282 / 19,318 	99.8% 	5,797,311
245954 	21,199 / 21,270 	99.7% 	6,228,553
246217 	23,660 / 23,837 	99.3% 	6,643,002
245731 	18,296 / 18,317 	99.9% 	6,666,980
246049 	20,794 / 20,841 	99.8% 	6,817,434
246222 	21,773 / 21,840 	99.7% 	6,846,600
246434 	21,873 / 21,909 	99.8% 	7,173,706
246001 	23,155 / 23,238 	99.6% 	7,324,486
246984 	21,808 / 21,846 	99.8% 	7,411,576
245683 	20,870 / 23,012 	90.7% 	8,363,138
246989 	25,857 / 25,906 	99.8% 	8,389,369
246648 	25,467 / 25,649 	99.3% 	8,540,718
246042 	25,746 / 25,823 	99.7% 	8,607,523
245952 	28,842 / 29,051 	99.3% 	8,682,149
246153 	31,494 / 31,554 	99.8% 	9,421,911
245963 	32,906 / 33,125 	99.3% 	9,446,082
246148 	31,132 / 31,201 	99.8% 	9,788,431
246272 	35,925 / 36,003 	99.8% 	10,376,889
246980 	38,174 / 38,242 	99.8% 	12,541,297
246488 	41,923 / 41,998 	99.8% 	13,417,337
246087 	85,033 / 85,238 	99.8% 	26,185,703
