296690
296691
296693
296694
296749
296750
296752
296781
296784
296785
296786
296787
296790
296793
296794
296799
296835
296836
296838
296839
296848
296849
296850
296851
296852
296890
296894
296899
296900
296903
296930
296931
296932
296934
296935
296938
296941
296966
297029
297031
297035
297085
297128
297129
297132
297133
297193
297194
297195
297196
297218
297219
297221
297222
297278
297310
297311
297317
297332
297333
297335
297336
297363
297366
297367
297372
297379
297380
297413
297414
297415
297441
297442
297446
297450
297451
297452
297479
297481
297483
297512
297537
297540
297541
297542
297544
297558
297588
297590
297595
