297588
297588
297588
297588
297588
297588
297588
297588
297588
297588
297588
297588
297588
297588
297588
297588
297588
297588
297588
297588
297544
297544
297544
297544
297544
297544
297544
297544
297544
297544
297544
297544
297544
297544
297544
297544
297544
297544
297544
297544
297479
297479
297479
297479
297479
297479
297479
297479
297479
297479
297479
297479
297479
297479
297479
297479
297479
297479
297479
297479
297379
297379
297379
297379
297379
297379
297379
297379
297379
297379
297379
297379
297379
297379
297379
297379
297379
297379
297379
297379
297317
297317
297317
297317
297317
297317
297317
297317
297317
297317
297317
297317
297317
297317
297317
297317
297317
297317
297317
297317
297132
297132
297132
297132
297132
297132
297132
297132
297132
297132
297132
297132
297132
297132
297132
297132
297132
297132
297132
297132
296935
296935
296935
296935
296935
296935
296935
296935
296935
296935
296935
296935
296935
296935
296935
296935
296935
296935
296935
296935
296690
296690
296690
296690
296690
296690
296690
296690
296690
296690
296690
296690
296690
296690
296690
296690
296690
296690
296690
296690
296550
296550
296550
296550
296550
296550
296550
296550
296550
296550
296550
296550
296550
296550
296550
296550
296550
296550
296550
296550
296415
296415
296415
296415
296415
296415
296415
296415
296415
296415
296415
296415
296415
296415
296415
296415
296415
296415
296415
296415
296380
296380
296380
296380
296380
296380
296380
296380
296380
296380
296380
296380
296380
296380
296380
296380
296380
296380
296380
296380
296244
296244
296244
296244
296244
296244
296244
296244
296244
296244
296244
296244
296244
296244
296244
296244
296244
296244
296244
296244
296191
296191
296191
296191
296191
296191
296191
296191
296191
296191
296191
296191
296191
296191
296191
296191
296191
296191
296191
296191
295819
295819
295819
295819
295819
295819
295819
295819
295819
295819
295819
295819
295819
295819
295819
295819
295819
295819
295819
295819
295788
295788
295788
295788
295788
295788
295788
295788
295788
295788
295788
295788
295788
295788
295788
295788
295788
295788
295788
295788
295612
295612
295612
295612
295612
295612
295612
295612
295612
295612
295612
295612
295612
295612
295612
295612
295612
295612
295612
295612
