296623 	12,534 / 12,663 	99% 	3,813,274
296622 	3,963 / 3,978 	99.6% 	1,230,016
296621 	1,278 / 1,280 	99.8% 	280,336
296619 	7,112 / 7,130 	99.7% 	2,466,820
296618 	10,319 / 10,344 	99.8% 	3,654,774
296616 	2,558 / 2,563 	99.8% 	858,147
296615 	7,019 / 7,028 	99.9% 	2,504,041
296594 	1,280 / 1,280 	100% 	374,035
296553 	5,767 / 5,770 	99.9% 	1,520,206
296552 	4,218 / 4,226 	99.8% 	1,046,010
296551 	12,208 / 12,242 	99.7% 	3,597,973
296550 	19,220 / 19,278 	99.7% 	6,304,670
296549 	23,384 / 23,617 	99% 	7,761,922
296548 	6,532 / 6,570 	99.4% 	2,189,841
296547 	4,689 / 4,764 	98.4% 	1,617,363
296516 	2,475 / 2,500 	99% 	819,696
296514 	2,478 / 2,510 	98.7% 	753,041
296512 	2,326 / 2,344 	99.2% 	620,996
296511 	11,170 / 11,292 	98.9% 	3,760,327
296510 	38,258 / 39,009 	98.1% 	13,327,813
296509 	12,061 / 12,246 	98.5% 	4,397,864
296472 	6,751 / 6,912 	97.7% 	1,843,972
296433 	34,077 / 34,267 	99.4% 	9,533,587
296424 	3,872 / 3,985 	97.2% 	939,516
296423 	10,430 / 10,467 	99.6% 	2,950,905
296420 	8,181 / 8,221 	99.5% 	2,434,639
296419 	12,920 / 13,002 	99.4% 	4,308,208
296415 	13,890 / 13,957 	99.5% 	2,697,443
296414 	23,373 / 23,570 	99.2% 	7,871,478
296383 	12,571 / 12,620 	99.6% 	3,553,797
296381 	10,802 / 10,841 	99.6% 	3,052,904
296380 	19,852 / 20,096 	98.8% 	5,680,959
296379 	11,526 / 11,691 	98.6% 	3,576,104
296378 	26,187 / 26,460 	99% 	8,746,595
296377 	26,596 / 26,861 	99% 	9,499,703
296376 	4,822 / 4,903 	98.3% 	1,658,402
296375 	1,495 / 1,500 	99.7% 	517,047
296312 	14,556 / 14,570 	99.9% 	4,152,525
296309 	11,892 / 12,313 	96.6% 	3,609,664
296307 	13,396 / 13,436 	99.7% 	4,396,128
296304 	26,168 / 26,364 	99.3% 	9,340,009
296303 	9,791 / 9,913 	98.8% 	3,297,401
296280 	11,364 / 11,652 	97.5% 	3,188,120
296279 	3,042 / 3,107 	97.9% 	804,219
296273 	31,565 / 32,312 	97.7% 	11,042,590
296270 	6,658 / 6,856 	97.1% 	2,305,209
296269 	17,697 / 17,870 	99% 	6,183,427
296247 	8,417 / 8,497 	99.1% 	2,339,135
296246 	10,872 / 10,942 	99.4% 	3,274,165
296244 	38,486 / 38,745 	99.3% 	13,325,981
296243 	6,438 / 6,510 	98.9% 	2,319,285
296242 	4,443 / 4,479 	99.2% 	1,497,375
296241 	3,942 / 4,006 	98.4% 	1,354,401
296240 	1,974 / 1,998 	98.8% 	577,137
296198 	5,487 / 5,604 	97.9% 	1,568,002
296197 	12,059 / 12,587 	95.8% 	3,640,645
296196 	11,864 / 12,389 	95.8% 	3,922,151
296195 	4,030 / 4,048 	99.6% 	1,267,467
296194 	15,419 / 16,060 	96% 	4,910,763
296192 	2,447 / 2,523 	97% 	813,225
296191 	22,799 / 23,555 	96.8% 	8,057,777
296143 	4,019 / 4,042 	99.4% 	1,108,069
296142 	12,064 / 12,111 	99.6% 	3,499,436
296135 	12,262 / 12,340 	99.4% 	3,935,158
296134 	19,202 / 19,684 	97.6% 	6,306,518
296133 	8,374 / 8,515 	98.3% 	2,778,534
296132 	10,410 / 10,420 	99.9% 	3,485,740
296123 	2,460 / 2,468 	99.7% 	795,018
296074 	994 / 1,000 	99.4% 	250,644
296068 	12,854 / 12,901 	99.6% 	3,772,871
296066 	3,897 / 4,019 	97% 	1,220,328
296065 	13,700 / 14,114 	97.1% 	4,368,257
296063 	12,905 / 12,931 	99.8% 	4,453,675
296062 	8,049 / 8,435 	95.4% 	2,822,712
296061 	5,657 / 5,838 	96.9% 	2,003,750
296060 	1,470 / 1,500 	98% 	461,655
296016 	1,442 / 1,501 	96.1% 	482,960
295947 	17,996 / 18,034 	99.8% 	5,615,131
295945 	11,183 / 11,436 	97.8% 	3,696,661
295943 	9,496 / 9,670 	98.2% 	3,083,522
295942 	8,370 / 8,605 	97.3% 	3,215,517
295941 	7,096 / 7,276 	97.5% 	2,716,336
295937 	1,490 / 1,525 	97.7% 	609,857
295936 	6,073 / 6,104 	99.5% 	2,385,808
295913 	12,134 / 12,196 	99.5% 	4,587,565
295910 	11,213 / 11,238 	99.8% 	4,476,057
295909 	2,899 / 2,927 	99% 	1,082,314
295908 	11,879 / 12,081 	98.3% 	4,502,139
295881 	5,150 / 5,198 	99.1% 	1,371,384
295861 	5,375 / 5,500 	97.7% 	1,892,463
295860 	4,134 / 4,191 	98.6% 	1,464,765
295859 	5,656 / 5,741 	98.5% 	1,963,480
295856 	7,560 / 7,663 	98.7% 	2,935,390
295855 	8,334 / 8,428 	98.9% 	2,998,507
295854 	7,524 / 7,594 	99.1% 	2,833,615
295853 	1,394 / 1,399 	99.6% 	382,747
295831 	5,558 / 5,614 	99% 	1,710,623
295829 	6,245 / 6,315 	98.9% 	1,986,105
295826 	9,667 / 9,803 	98.6% 	3,211,733
295825 	1,406 / 1,410 	99.7% 	484,953
295822 	11,251 / 11,381 	98.9% 	4,123,238
295819 	12,214 / 12,315 	99.2% 	4,693,943
295818 	1,287 / 1,287 	100% 	253,010
295816 	5,555 / 5,593 	99.3% 	2,047,123
295791 	5,880 / 5,942 	99% 	1,744,472
295788 	13,275 / 13,610 	97.5% 	5,178,708
295786 	2,968 / 2,998 	99% 	1,156,790
295763 	9,042 / 9,072 	99.7% 	2,550,228
295762 	2,463 / 2,472 	99.6% 	663,122
295759 	4,026 / 4,100 	98.2% 	1,112,180
295758 	10,812 / 10,865 	99.5% 	3,621,286
295756 	1,197 / 1,200 	99.8% 	438,378
295755 	5,186 / 5,256 	98.7% 	1,774,344
295754 	5,177 / 5,243 	98.7% 	1,943,722
295753 	1,792 / 1,796 	99.8% 	629,306
295725 	9,023 / 9,101 	99.1% 	2,397,747
295723 	4,171 / 4,209 	99.1% 	1,158,924
295721 	1,182 / 1,189 	99.4% 	270,131
295720 	1,180 / 1,200 	98.3% 	263,333
295719 	2,235 / 2,300 	97.2% 	667,305
295718 	1,174 / 1,203 	97.6% 	476,338
295717 	1,684 / 1,742 	96.7% 	478,751
295714 	1,359 / 1,397 	97.3% 	549,322
295712 	962 / 967 	99.5% 	352,951
295677 	2,539 / 2,607 	97.4% 	745,037
295676 	2,664 / 2,767 	96.3% 	797,302
295675 	1,305 / 1,343 	97.2% 	381,027
295673 	2,526 / 2,631 	96% 	805,420
295671 	3,698 / 3,779 	97.9% 	832,405
295668 	1,694 / 1,740 	97.4% 	602,665
295667 	1,133 / 1,183 	95.8% 	418,339
295666 	2,057 / 2,154 	95.5% 	852,803
295665 	5,373 / 5,497 	97.7% 	784,489
295615 	1,039 / 1,060 	98% 	469,395
295612 	7,303 / 7,394 	98.8% 	3,558,229
295611 	590 / 600 	98.3% 	209,926
295610 	387 / 403 	96% 	176,190
295589 	5,120 / 5,215 	98.2% 	2,459,124
295588 	2,441 / 2,474 	98.7% 	1,176,543
295587 	2,190 / 2,200 	99.5% 	1,045,433
295586 	5,179 / 5,192 	99.7% 	2,517,806
295585 	1,799 / 1,800 	99.9% 	849,043
295584 	1,600 / 1,600 	100% 	727,006
295581 	1,619 / 1,620 	99.9% 	765,739
