295581
295584
295585
295586
295587
295588
295589
295610
295611
295615
295665
295666
295667
295668
295671
295673
295675
295676
295677
295712
295714
295717
295718
295719
295720
295721
295723
295725
295753
295754
295755
295756
295759
295762
295763
295786
295791
295816
295818
295825
295829
295831
295853
295854
295855
295856
295859
295860
295861
295881
295909
295936
295937
295941
296016
296060
296061
296062
296066
296074
296123
296133
296143
296192
296195
296198
296240
296241
296242
296243
296247
296270
296279
296375
296376
296381
296415
296420
296423
296424
296472
296512
296514
296516
296547
296548
296552
296553
296594
296615
296616
296619
296621
296622
