run/I:PID_Status/D:DCAz_Status/D:DCAr_Status/D:EffTOTPt1/D
245683	1	1	0	0.88428848981857299805	
245692	0	0	0	0.92139399051666259766	
245700	0	0	0	0.93038564920425415039	
245702	0	0	0	0.94154250621795654297	
245705	0	0	0	0.94228041172027587891	
245829	0	0	0	0.93247663974761962891	
245831	0	0	0	0.94289046525955200195	
245833	0	0	0	0.9442164301872253418	
245923	0	0	0	0.88587272167205810547	
245949	0	0	0	0.94442868232727050781	
245952	0	0	0	0.94422960281372070312	
245954	0	0	0	0.9459387660026550293	
246001	0	0	0	0.92207187414169311523	
246003	0	0	0	0.94358593225479125977	
246012	0	0	0	0.91945260763168334961	
246036	0	0	0	0.87719976902008056641	
246037	0	0	0	0.88121700286865234375	
246042	0	0	0	0.88246667385101318359	
246048	0	0	0	0.90369945764541625977	
246049	0	0	0	0.90320599079132080078	
246052	0	0	0	0.94054758548736572266	
246053	0	0	0	0.94367998838424682617	
246087	0	0	0	0.89457631111145019531	
246113	0	0	0	0.8778031468391418457	
246115	0	0	0	0.88515520095825195312	
246148	0	0	0	0.88185745477676391602	
246151	0	0	0	0.87835538387298583984	
246152	0	0	0	0.90930765867233276367	
246153	0	0	0	0.9331493377685546875	
246178	0	0	0	0.88170826435089111328	
246180	0	0	0	0.88490700721740722656	
246181	0	0	0	0.89497399330139160156	
246182	0	0	0	0.92232781648635864258	
246185	0	0	0	0.9402186274528503418	
246217	0	0	0	0.88164603710174560547	
246222	0	0	0	0.90400421619415283203	
246225	0	0	0	0.91064602136611938477	
246271	0	0	0	0.8827622532844543457	
246272	0	0	0	0.89425206184387207031	
246275	0	0	0	0.92886793613433837891	
246276	0	0	0	0.94250726699829101562	
246424	0	0	0	0.87293303012847900391	
246428	0	0	0	0.80199712514877319336	
246431	0	0	0	0.86764264106750488281	
246434	0	0	0	0.88012206554412841797	
246487	0	0	0	0.87723588943481445312	
246493	0	0	0	0.92865830659866333008	
246495	0	0	0	0.94155728816986083984	
246675	0	0	11	0.93629598617553710938	
246676	0	0	11	0.94154685735702514648	
246750	0	0	0	0.89442694187164306641	
246751	0	0	0	0.89468038082122802734	
246757	0	0	0	0.8917554020881652832	
246758	0	0	0	0.89623677730560302734	
246759	0	0	0	0.91962045431137084961	
246760	0	0	0	0.92366689443588256836	
246763	0	0	0	0.94233930110931396484	
246765	0	0	0	0.94371128082275390625	
246766	0	0	0	0.94444775581359863281	
246804	0	0	1	0.84130126237869262695	
246805	0	0	0	0.85808259248733520508	
246807	0	0	0	0.88673788309097290039	
246808	0	0	0	0.91283869743347167969	
246809	1	0	0	0.9316253662109375	
246810	1	0	0	0.94384402036666870117	
246844	0	0	0	0.87703341245651245117	
246845	1	0	0	0.87380874156951904297	
246846	0	0	0	0.87977528572082519531	
246847	0	0	0	0.87121886014938354492	
246851	0	0	0	0.87386381626129150391	
246855	0	0	1	0.84524965286254882812	
246858	0	11	1	0.81740152835845947266	
246859	0	11	0	0.81404453516006469727	
246865	0	0	0	0.87102228403091430664	
246867	0	0	0	0.8831501007080078125	
246870	0	0	0	0.90398240089416503906	
246871	0	0	0	0.90300410985946655273	
246928	0	0	0	0.88488543033599853516	
246930	0	0	0	0.87557101249694824219	
246937	0	0	1	0.86626875400543212891	
246945	0	0	0	0.87886095046997070312	
246948	0	0	0	0.86765557527542114258	
246980	0	0	0	0.83935368061065673828	
246982	0	0	0	0.87184011936187744141	
246984	0	0	0	0.89808559417724609375	
246989	0	0	0	0.94186437129974365234	
246991	0	0	0	0.94545394182205200195	
246994	0	0	0	0.94605028629302978516	
