244917
244918
244975
244980
244982
244983
245064
245066
245068
245145
245146
245151
245152
245231
245232
245233
245259
245343
245345
245346
245347
245349
245353
245396
245397
245401
245407
245409
245410
245411
245439
245441
245446
245450
245452
245453
245454
245496
245497
245501
245504
245505
245507
245535
245540
245542
245543
245544
245545
245554
245683
245692
245700
245702
245705
245729
245731
245738
245752
245759
245766
245775
245785
245793
245829
245831
245833
245923
245949
245952
245954
245963
246001
246003
246012
246036
246037
246042
246048
246049
246052
246053
246087
246089
246113
246115
246148
246151
246152
246153
246178
246180
246181
246182
246185
246217
246222
246225
246271
246272
246275
246276
246390
246391
246392
246424
246428
246431
246434
246675
246676
246750
246751
246757
246758
246759
246760
246763
246765
246766
246804
246805
246807
246808
246809
246810
246844
246845
246846
246847
246851
246858
246859
246864
246865
246867
246870
246871
246928
246945
246948
246980
246982
246984
246989
246991
