246994
246991
246989
246984
246982
246948
246945
246928
246871
246870
246867
246865
246864
246859
246858
246851
246847
246846
246845
246844
246810
246809
246808
246807
246805
246804
246766
246765
246763
246760
246759
246758
246757
246751
246750
246434
246431
246424
246392
246391
246276
246275
246272
246271
246225
246222
246217
246185
246182
246181
246180
246178
246153
246152
246151
246148
246115
246113
246089
246087
246053
246052
246049
246048
246042
246037
246036
246012
246003
246001
245963
245954
245952
245949
245923
245833
245831
245829
245793
245785
245775
245766
245759
245752
245731
245729
245705
245702
245692
245683
245554
245545
245544
245543
245542
245540
245535
245507
245505
245504
245501
245497
245496
245454
245453
245450
245446
245441
245411
245410
245409
245407
245401
245397
245396
245353
245349
245347
245346
245345
245343
245259
245233
245232
245231
245152
245151
245146
245145
245068
245066
245064
244983
244982
244980
244975
244918
244917
