run/I:PID_Status/D:DCAz_Status/D:DCAr_Status/D:EffTOTPt1/D
245064  0       0       0       0.91204011440277099609
244917	11	0	0	0.92986416816711425781	
244918	0	0	0	0.91775709390640258789	
244975	0	0	0	0.90532857179641723633	
244980	11	0	0	0.9034550786018371582	
244982	0	0	0	0.90787303447723388672	
245061	0	0	0	0.91085124015808105469		
245066	0	0	1	0.91324597597122192383	
245068	0	0	0	0.91284233331680297852	
246390	0	11	1	0.91610062122344970703	
246391	0	11	1	0.91660392284393310547	
246392	0	11	1	0.91400969028472900391	
