run/I:PID_Status/D:DCAz_Status/D:DCAr_Status/D:EffTOTPt1/D
245729	111	11	11	0.89054650068283081055	
245731	111	111	111	0.89267688989639282227	
245738	101	11	111	0.91518729925155639648	
245752	111	11	111	0.91226094961166381836	
245759	111	11	111	0.94241249561309814453	
245766	111	111	11	0.91913706064224243164	
245775	111	1	11	0.94522380828857421875	
245785	111	111	111	0.9242693781852722168	
245793	111	111	111	0.94669133424758911133	
246540	0	111	111	0.83488988876342773438	
246864	0	1	0	0.13762134313583374023	
246942	0	1	0	0.76931422948837280273	
246949	0	0	0	0.45334580540657043457	
