295585
295586
295588
295589
295610
295611
295612
295615
295666
295667
295668
295673
295675
295676
295712
295714
295717
295718
295719
295721
295723
295725
295754
295755
295758
295759
295762
295763
295786
295788
295791
295816
295818
295819
295822
295825
295826
295829
295831
295853
295854
295855
295856
295859
295860
295861
295909
295910
295913
295936
295937
295941
295942
296016
296060
296062
296063
296065
296066
296074
296123
296132
296133
296134
296135
296142
296143
296191
296192
296194
296195
296196
296197
296198
296240
296241
296242
296243
296244
296246
296247
296269
296270
296273
296279
296280
296303
296304
296309
296312
296375
296376
296377
296378
296379
296380
296381
296383
296414
296415
296419
296420
296423
296424
296433
296472
296509
296510
296511
296512
296516
296547
296548
296550
296551
296552
296553
296594
296615
296616
296618
296619
296621
296622
296623
