284705
284706
284707
284781
284782
284783
284784
284785
284786
284787
284827
284829
284831
284835
284836
284842
284843
284846
284850
284857
284862
284865
284876
284878
284891
284893
284894
284896
284897
284900
284910
284913
284915
284916
284917
284918
284919
284920
284921
284922
284923
284924
284925
284926
284927
284929
284930
284931
284946
285007
285008
285009
285010
285011
285012
285013
285014
285015
285016
285064
285065
285066
285106
285107
285108
285125
285126
285127
285165
285200
285202
285203
285222
285223
285224
285286
285287
285288
285289
285290
285291
285310
285311
285312
285313
285314
285315
285316
285317
285318
285319
285320
285321
285322
285323
285324
285325
285327
285328
285347
285364
285365
285396
285415
285419
285421
285423
285424
285425
285426
285427
285428
285429
285430
285431
285432
285433
285435
285436
285437
285440
285442
285443
285444
285447
286531
286533
286534
286536
286537
286539
286545
286548
286553
286557
286559
286560
286563
