295585
295586
295587
295588
295589
295610
295611
295612
295615
295666
295667
295668
295671
295673
295675
295676
295677
295712
295714
295717
295718
295719
295721
295723
295725
295754
295755
295758
295759
295762
295763
295786
295788
295791
295816
295818
295819
295822
295825
295826
295829
295831
295853
295854
295855
295856
295859
295860
295861
295881
295908
295909
295910
295913
295936
295937
295941
295942
295943
295945
295947
296016
296060
296062
296063
296065
296066
296068
296074
296123
296132
296133
296134
296135
296142
296143
296191
296192
296194
296195
296196
296197
296198
296240
296241
296242
296243
296244
296246
296247
296269
296270
296273
296279
296280
296303
296304
296307
296309
296312
296375
296376
296377
296378
296379
296380
296381
296383
296414
296415
296419
296420
296423
296424
296433
296472
296509
296510
296511
296512
296516
296547
296548
296549
296550
296551
296552
296553
296594
296615
296616
296618
296619
296621
296622
296623
296690
296691
296693
296694
296749
296750
296752
296781
296784
296785
296786
296787
296790
296793
296794
296799
296835
296836
296838
296839
296848
296849
296850
296851
296852
296890
296894
296899
296900
296903
296930
296931
296932
296934
296935
296938
296941
296966
297029
297031
297035
297085
297117
297118
297119
297123
297124
297128
297129
297132
297133
297193
297194
297195
297196
297218
297219
297221
297222
297278
297310
297311
297312
297315
297317
297332
297333
297335
297336
297363
297366
297367
297372
297379
297380
297405
297406
297413
297414
297415
297441
297442
297446
297450
297451
297452
297479
297481
297483
297512
297537
297540
297541
297542
297544
297558
297588
297590
297595
